4.5180835130465
1.22474846855332
-16.7926289682674
5.49339951375918
14.4772072708279
6.39491784445832
2.51165450927179
7.31561923922004
0.483379672453238
0.000327972607298381
-1.56241861500301
8.58982793598997
3.00618779585904
-2.21021133900349
4.72581828406929
-1.59702297995758
-1.27226514536395
-2.17987712959091
-0.193771704204702
2.07640112052586
14.6851042540174
-23.9312723752427
27.8884927585788
-10.1958475995602
-5.27714679008468
0.830457439034703
-11.5831886033969
-11.2124624425134
17.0645453792706
-2.72602694482831
1.33456616332158
5.53195790288966
