5.2934628845555
1.13634216882995
2.2666749434862
4.84500224145815
0.729876326529388
0.0696354234092341
3.30595102101294
10.5650515396685
0.252634881648735
-1.89301399438422
-7.31290612521064
15.9470155497661
26.4898069988504
-17.1604145345868
63.2959841265604
-32.8176575436255
-31.4533306596196
-29.1243472693755
-2.51171615521636
6.53673434198152
129.497728177769
-412.526604473517
-228.430625400444
-68.4767083825516
-32.6748134253739
-3.90865540048982
-48.6438180268259
-20.3488437873777
14.3290149812391
-1.53695589288443
-1.30816094758751
-1.48292139014227
