3.41052213365726
0.598638554922928
2.10070580438776
-0.238837212889472
0.792419047787444
12.2933829626262
2.74697429694456
-0.956854430500075
1.46214703871242
-0.48354229593154
0.0693711284220672
-0.20364865086545
0.387199135512508
1.47957293297375
4.11888209570884
-0.237113842796061
-2.20686686657418
-0.642954269106542
0.140441135136205
0.90019241172546
3.22874618608592
-3.38596315662186
7.64080996577915
-0.317891040551916
-2.65231070932553
0.51207173878565
-3.71321954792429
-2.5957065681082
11.0365864888692
-0.454982476368468
0.806701300019352
2.0357931303138
