1.62520602774358
4.00330628652711
1.51151411842919
2.38903427640138
0.822554048213891
-0.0387628683451446
-0.00378596105614014
1.6608771062379
0.0626950906689368
0.196436149575452
1.31744362782904
0.846785426752494
0.539836995271439
1.12032000285354
0.321443758321973
1.17034630768057
1.08804359540899
0.2847706546371
0.989926403688828
2.19203727140143
0.120675182757338
-0.387905779932514
-0.575339274789747
-0.108400840201185
-0.64823456082302
-0.271578632059682
-2.04120221344938
-5.08803786860272
0.240878165484231
0.176123065435742
0.459922322987141
1.84179278501428
