9.95082951069701
-9.56103935889583
3.9083824627426
13.9521131884802
-2.37149547043512
5.47967380640934
3.05577145813762
-5.47418461867886
-6.95592201999556
4.55168274294781
-7.40484597970343
-0.130194325282825
0.369504245556721
3.8883290312795
0.677850206433829
1.68746682366138
-0.127110109710492
4.00846859693706
0.182726669423689
-0.667951539280556
3.35798685447315
0.97420697243455
-0.108174347951465
-0.0705674649909858
-9.63174949372717
2.10347625203098
-13.4875219810535
5.90565295035314
1.70896744205603
8.88291498783767
14.7645555531505
-0.640993424918278
