4.09127315487594
1.03509032260818
1.59088312522279
2.84938177798884
1.2540769773385
0.0786729685801587
3.62986019953569
10.2041014676762
0.560911974621894
-1.67067006940757
-6.39510443838845
21.7372019475097
27.2136276900884
-17.9941990534444
63.4055503627202
-33.2334766865179
-31.9003848741661
-29.4510418869476
-2.5612143654882
5.04453299700761
172.253450363779
-272.367159509375
302.114317873506
-41.4845624638135
-18.5153096244246
-0.580445775627334
-29.1840046564128
-11.6024117890832
9.22990357622967
-0.700906189340301
-0.851516428897239
0.175879979953249
