-0.0862787587973085
1.27079844784813
-18.7492365758456
5.95213786363255
16.0365782133234
6.85918505330656
2.73927087218609
8.00564447860394
0.425144298194568
-0.0370706163144019
-1.80723561237033
9.41727570391155
3.5766279819298
-2.53986042119433
4.22242988268644
-1.80365208757431
-1.46162160399469
-2.22520787879693
-0.235940103513764
2.10371622866992
14.9078370138709
-22.2619745646494
28.3325842139875
-10.3779473280936
-5.3571147886906
0.820682418605272
-11.7990857614228
-12.020459343396
18.0866079678421
-3.18258026448541
1.29767576761575
6.25182193864803
