-4.55516985831943
2.910671931458
-31.9140561298354
9.26461512912474
62.2694037924785
13.4378262534708
5.71597549606678
12.2241782611452
0.13557256995329
-0.531758678395462
-4.44660011739981
17.1918120492404
5.37941841465066
-6.29622731897581
10.8796932890331
-5.02569786196738
-5.63333089933593
-6.07327683176971
-0.641845643393612
3.70232667649634
34.3900945587415
-57.5166428746105
67.6378214235648
-28.6924205670109
-13.7265016808719
0.30001470870515
-19.4755702261576
-9.49523123035776
18.52782509825
-3.35501276246513
-0.143658794711798
0.341434205396589
