1.67369986503082
0.416552504759213
-11.1977532953732
-0.741774924852721
-0.29517988421758
3.67014114490125
2.21329510057925
0.0269537324492247
0.830496180500794
1.25310414804393
-2.47473926404286
10.0112505826378
1.27068414972177
-2.27180772611333
2.60021377144602
-1.05967378669662
1.08589699700494
-1.28637516807666
0.854842752606027
0.916951876872072
8.75894691688151
-11.1195721147628
19.1077331768209
-2.02787874894518
-6.86713219250818
0.367132892381708
-11.4991762622764
-7.5171504952047
32.200234119809
-4.29161090361994
0.401240243147262
6.38120346813955
