0.840992245148995
0.797187581004236
-1.37078974596153
1.5593333948977
3.80464023666615
1.70658182735724
2.61250488112356
1.65603721741855
0.200558344377174
0.466789597671846
0.289285703221137
3.06694935108448
0.964881464590923
0.951717337831369
1.37552934466556
0.466910169360361
1.11418220754291
0.0972617642991671
0.254729108067244
0.599586840086592
3.06287719634599
-2.40450162057869
5.67078542094324
-0.0979872856410086
-1.25065133871034
0.203869736032516
-1.09304228555086
-1.39583624590544
5.93776030080132
-0.249165377589792
0.737910986473672
1.974519010154
