0.304919318608451
0.891336391925853
1.5956600278965
1.26704088976901
3.72021628545411
1.37676730308745
0.960434032685385
0.438293570916806
1.42695403129
2.01067961830797
-1.52833093834445
1.11102847032232
0.245333634365243
0.160038612638672
2.86607475399207
0.88724470210407
-0.737077672792519
0.932699535871103
0.427499485183247
0.655168969340664
-0.453811327466357
-1.84530499197369
2.42506254476869
0.129275473295541
-2.20151427232204
0.694145048998371
0.0882183599444814
-1.72194527721563
4.10639330696653
-1.30109053675345
-0.542904333601081
-1.50287450729339
