-98.6759117050564
67.8132543868757
-49.0590714063427
46.1550573498424
33.3815351613399
26.2007631770801
1.01563094343952
9.37597717242901
12.4885867882291
-23.4076013809356
-17.5883880801706
14.2392106325338
-10.487858144044
5.23962024832706
38.6713188289773
15.0622136608882
-2.2797941417595
14.8717408393812
43.0256992290458
-55.7070534865074
-44.71753660982
0.0199951723268178
13.6103096430775
-3.32189784357463
0.839750639649852
-9.49561009529807
24.7217502172549
-8.70832734454464
8.431175765743
-23.3299331779989
-19.4398919140749
-12.9201444920588
