-98.2282245216324
71.8117703996741
-49.0590714063427
71.6424457366965
33.3666553039975
28.1778443322623
1.4624966149871
9.2255846692109
12.6289751202165
-23.9602764172239
-18.0261215645831
15.6141921429592
-11.9158752336897
5.33950373026379
40.1476824525226
20.3027241501105
-2.33076348220674
13.0988104830868
44.1418725199947
-38.1715729248303
-51.0361896781077
-0.0924820969311807
15.2969096679135
-2.65809855520478
0.96335132042296
-11.069501760119
24.4309801853614
-11.5592225465001
9.10327039392696
-27.6792646898317
-23.0495265811583
-16.5430721133133
