53.2389785645447
-32.2260657459013
23.9065398856695
-25.7199983842612
-11.0749798767602
-12.6566489700351
0.132359237824882
-1.68098259571942
-1.36555107003201
24.3108840479052
5.84647755382339
1.63212302920134
-3.63056766296566
-0.251565853861053
18.116005119798
10.5345506843354
-0.581425451291694
2.02649199592901
25.544623470826
-43.0028429389917
-28.3461730785317
0.10036674668126
11.4857040495044
-2.89995670977673
-0.0278045160383566
-5.06284383064549
18.967029123819
-7.61710671967796
3.01098385677586
-17.8740183480473
-7.16511027661347
-3.06098368668356
