-98.4505978548256
71.7640728608596
-49.0590714063427
46.1550573498424
33.3815351613399
26.9134465961048
1.04833090427568
9.57666476653675
12.7734385560691
-24.0625806009768
-18.0261215645831
10.8330451802762
-10.7436480614375
5.33950373026379
39.6393271075977
15.4438276144968
-2.33980659623283
15.2717674410799
44.1418725199947
-57.1398204997876
-51.1362441804137
-0.189786012226304
15.3235783959768
-2.92947342274948
0.96335132042296
-11.0689752827992
29.0213996757512
-10.4662660317768
9.10327039392696
-27.6823479236045
-23.0495265811583
-16.1013709185942
