-98.4505978548256
71.7640728608596
-49.0590714063427
46.1550573498424
33.3815351613399
26.9134465961048
1.04833090427568
9.57666476653675
12.7734385560691
-24.0625806009768
-18.0261215645831
10.8330451802762
-10.7436480614375
5.33950373026379
39.6393271075977
15.4438276144968
-2.33980659623283
15.2717674410799
44.1418725199947
-57.1398204997876
-45.8774098226927
-0.189786012226304
13.9456900415977
-3.41693894108856
0.846297802636807
-9.49561009529807
24.7217502172549
-8.70832734454464
8.431175765743
-23.3299331779989
-19.4398919140749
-12.9201444920588
