0.298125139410457
1.58508276069112
-7.13091252199749
-0.638626975505213
0.435940582911579
3.59148902088664
0.974841650775737
0.0758988917007119
0.345116379385336
0.603674713261583
0.424323354442266
4.75610977399231
0.700995287325384
0.695964278627354
1.74446639676038
-0.844173286008282
0.759660680723047
-0.795122974261788
-0.0496230831047065
0.747381978498054
5.57874970395555
-6.51135595726167
13.0672074967533
-1.28152841417942
-3.97375675368597
0.69514911270357
-6.58220890945829
-4.50831983776128
18.0841875389392
-1.2064808206613
0.33702001362543
3.81370347016909
