-106.902306118134
239.948131214384
-53.5170021171901
80.0076963621437
36.3751553078874
27.6715030299035
-6.43894683461739
10.1276447042525
13.087492394166
-26.127201884456
-17.2222494756747
19.0204147722157
-11.62912403128
6.44890630618544
44.8483556003107
24.7242983666913
-2.7216002099115
15.575928444374
54.8547249286447
-34.957970170498
-67.508417060363
3.06963042996642
17.0962404965664
-1.82373261165938
2.87361989782486
-5.27138564583011
14.0772862869152
-6.75163345812666
6.40149279983712
-16.2906786162522
-8.87264144586984
-10.4350986172103
