4.38802965787664
-7.37537064155384
-3.81734987373358
-1.66738197672417
0.681983201225246
10.0015020948611
3.80320877367208
2.37500569580361
-2.16211839618079
-0.0824017612138709
-2.84425791337556
1.25492412469644
0.471922430147711
0.796969753734795
0.749767041991732
2.70070985150214
1.71717401213857
4.4930813268932
-1.13913284573419
-1.43791429072753
1.41638114412792
-3.96770051302751
2.23361050320745
0.29085348598261
-0.00942005985026712
4.42793608402875
1.3378848217797
3.06748246215018
5.48516449241904
0.890490555609329
-2.18289647132998
-1.38318351632277
