1.88234453272074
-11.5556932732739
4.40189949961954
17.6864022406297
-4.10476577889387
5.60815309927115
3.23585480999748
-5.53073633633283
-5.33562307486546
4.27092720998669
-6.88571178313299
-0.62441280826194
-0.697983667640588
5.64915621976342
1.09921825207068
1.93449705105152
-0.704913082345903
5.36165109433446
0.322643989329675
-1.14997201920366
3.3910365600104
0.952095211847267
-1.55739980638913
-0.379457490556525
-9.56855161181586
0.349607617661712
-41.5959737614653
7.51007827030348
0.431263310817055
7.75201547227104
19.2809771931585
-1.68772452272179
