-0.558649088219792
-0.258296141113313
2.66599618345217
1.61515335578719
5.76454456093351
0.0677383727780965
1.49553760651321
0.389446488069836
0.734737202443338
1.23922354800799
2.46056387661421
0.835702669188915
0.438983030066392
-0.0270724733597536
1.75603502548951
1.07953331835757
2.44945291468293
0.642769801953144
0.328436306410786
2.07020117562101
0.167692897987494
0.219425988509755
-0.709872995510869
-0.110365328648651
-0.718370973125138
-0.385010440502795
-2.01844451850837
-6.2893683973406
0.192830237625384
-0.0998291016232581
1.01984229883069
0.92150535295873
