-113.137619027998
76.8084855236127
-53.2258032514307
50.5053167114084
28.4565840733206
26.1389727928253
0.936935780545072
13.626762947176
13.5983488871991
-23.7294142761428
-18.6033337079107
-24.2342108257554
-5.1686253864564
0.160304078707089
42.5164021453988
16.627642943224
-2.54634019327128
21.964244850433
47.249847884917
-92.0961028425479
-50.9422916750259
-0.33059541296363
18.9883862493085
-5.22523383562324
1.08847689283604
-10.325183146382
23.3540258772896
-7.80779826324714
4.45441905501951
-28.0473981739603
-24.8086605686283
-13.917900290881
