-89.9907447219158
65.9062431524726
-45.3610602878799
66.4351835382148
30.879972361998
23.4365654037925
-4.76725014983918
8.67353552282018
10.4433397298139
-22.1546604312525
-14.321749356532
14.4597579236293
-9.46856395249509
5.18709631933834
36.9591275500866
20.37638528895
-2.29808819700345
13.0239997950601
43.2382969498395
-37.2979127316104
-51.9045640709567
-0.348084640332121
11.7690392271935
-1.40619898083936
1.68378388736156
-4.48027751319198
10.4911344715589
-5.5464110576605
4.71198611246358
-11.3591597995941
-11.0473096297539
-12.56307674817
