-92.2657934430642
67.4960433156117
-46.0602415352548
67.4120047036212
31.3232374605078
23.2007670446442
-4.69140814938555
9.26265037711587
12.6834001437987
-24.0702857957784
-15.6862470040139
15.6141921429592
-11.9158752336897
5.33950373026379
40.1476824525226
20.3027241501105
-2.33076348220674
13.0988104830868
44.1418725199947
-38.1715729248303
-52.4399629922325
-0.303249191077355
16.1536209744886
-3.01790496526707
1.42969181206576
-6.74043713235122
15.9266783545909
-7.73168878153728
5.88361138008892
-17.5193129081974
-14.9053358482522
-16.6588447156761
