27.0583320420188
1.60743022570103
-256.586577663012
-18.2804275283017
-3.79988832372632
83.6721145096621
50.759745751783
-1.75764812258838
14.4086553804853
26.6724876708621
-63.0554577212008
227.714040611774
30.394380124803
-62.1735027469864
75.7755942759901
-31.4933291496253
22.5830829342027
-39.4494792421061
24.7899984962203
25.0947646107451
254.582060846768
-325.355884560597
651.584883619324
-121.053384468847
-207.799583505073
9.65176259183307
-337.868698151579
-205.151145064834
871.924405296679
-118.304764208349
-2.08798727987421
0.120466716999679
