16.7369986503082
4.16552504759213
-111.977532953732
-7.41774924852721
-2.9517988421758
36.7014114490125
22.1329510057925
0.269537324492247
8.30496180500794
12.5310414804393
-24.7473926404286
100.112505826378
12.7068414972177
-22.7180772611333
26.0021377144602
-10.5967378669662
10.8589699700494
-12.8637516807666
8.54842752606027
9.16951876872072
87.5894691688151
-111.195721147628
191.077331768209
-20.2787874894518
-68.6713219250818
3.67132892381708
-114.991762622764
-75.171504952047
322.00234119809
-42.9161090361994
4.01240243147262
63.8120346813955
