40.5274098940746
2.15994900911558
-347.516251781446
17.7489048558744
-5.85535080874906
97.1607875279389
68.6281910046592
-3.21196193147855
19.705012150779
37.5953835525783
-87.2056491988358
308.836877740865
41.3463231065648
-83.9238763672621
101.506570060578
-64.2542993960339
-9.4218003162916
-83.4380059199968
51.0193391066058
53.5208854320692
544.279340185068
-696.310141641002
1388.51526914392
-258.687683668512
-446.764542042907
19.624069207557
-722.291541459082
-396.872364674612
1857.9815759667
-251.597024147394
-3.87360578823492
-0.840312339072048
