1.75108821554834
0.722826287486622
3.83300364968504
1.72932891182082
-0.0517816411630738
0.571801978032992
0.887116865225601
0.0534049348817145
1.69032517649688
-1.05888995748654
4.6548836176099
0.194490807143507
-1.60803020106919
3.07658464690219
-4.03992788044104
-16.8873647206078
-2.37612110463639
5.75732172602559
109.41942644809
23.5519029997298
1195.896465781
-1529.28889939831
3032.80527008028
-565.169547821448
-1038.86874329978
-1.61903496206274
0.648993018277075
6.56518245062481
2.75055035986963
-0.977830874266975
2.2525538792453
-0.584316682522326
