0.415127298829122
0.236720316353761
0.849574259142952
0.914742385879115
0.400416206487395
0.575879295941239
0.0698741511855013
0.0817897214914033
0.300584451911996
1.75017428299066
2.17096987139562
0.890546744521246
1.0932104245327
0.889353516767345
0.909351524491326
0.583309170514879
0.196305908540265
2.94314868238934
10.1136833426105
1.59624738099827
8.45122257291174
-77.1084293182203
156.133530825748
-28.6325548639898
-40.13129050457
1.47865617560696
0.552754165206622
1.05238139419979
0.14789599024466
0.611175956025565
1.9221161254038
1.96282980570392
